0 0.099740 0.220833 0.141146 0.176852
0 0.152865 0.774074 0.221354 0.198148
0 0.391146 0.773148 0.218750 0.192593
0 0.632031 0.772685 0.220312 0.195370
0 0.869792 0.772222 0.219792 0.194444
0 0.923177 0.798611 0.089063 0.049074
0 0.065885 0.828704 0.021354 0.040741
0 0.109115 0.827315 0.019271 0.037963
0 0.151823 0.825926 0.020313 0.040741
0 0.195573 0.827315 0.021354 0.043519
0 0.042708 0.943519 0.023958 0.044444
0 0.106771 0.939352 0.026042 0.047222
0 0.171094 0.942130 0.027604 0.045370
0 0.297917 0.943519 0.029167 0.044444
0 0.357812 0.941204 0.016667 0.032407
0 0.449219 0.939352 0.013021 0.028704
0 0.501302 0.936574 0.027604 0.045370
0 0.552604 0.941204 0.017708 0.032407
0 0.642448 0.941667 0.016146 0.035185
0 0.702604 0.941667 0.041667 0.040741
0 0.949219 0.943056 0.030729 0.049074
