18 0.227083 0.501389 0.272917 0.836111
2 0.159896 0.761111 0.023958 0.055556
3 0.295833 0.763889 0.025000 0.055556
1 0.227604 0.765278 0.028125 0.069444
19 0.525521 0.500000 0.271875 0.833333
5 0.523958 0.759722 0.131250 0.080556
20 0.821875 0.277778 0.270833 0.388889
21 0.822917 0.722222 0.272917 0.388889
8 0.759375 0.722222 0.091667 0.327778
9 0.885417 0.725000 0.083333 0.311111
17 0.965104 0.043056 0.040625 0.036111
16 0.090104 0.037500 0.017708 0.036111
4 0.115104 0.040278 0.011458 0.041667
10 0.033333 0.112500 0.027083 0.063889
11 0.033333 0.281944 0.033333 0.063889
12 0.033333 0.425000 0.025000 0.033333
13 0.032813 0.569444 0.023958 0.038889
14 0.032813 0.715278 0.023958 0.069444
15 0.034375 0.887500 0.029167 0.080556
