10 0.033333 0.109722 0.025000 0.063889
11 0.033854 0.280556 0.030208 0.072222
12 0.032813 0.422222 0.023958 0.027778
13 0.032813 0.572222 0.028125 0.033333
14 0.032813 0.713889 0.028125 0.072222
15 0.032813 0.887500 0.028125 0.080556
18 0.227604 0.501389 0.271875 0.836111
2 0.160938 0.762500 0.023958 0.052778
1 0.228125 0.762500 0.025000 0.075000
3 0.294792 0.762500 0.025000 0.058333
19 0.525000 0.501389 0.270833 0.836111
5 0.523958 0.758333 0.129167 0.083333
20 0.822917 0.275000 0.272917 0.394444
21 0.822396 0.720833 0.271875 0.397222
8 0.758333 0.723611 0.091667 0.319444
9 0.883333 0.725000 0.087500 0.311111
16 0.090104 0.040278 0.017708 0.041667
4 0.115104 0.041667 0.017708 0.044444
17 0.966146 0.045833 0.038542 0.041667
