18 0.227604 0.500000 0.269792 0.833333
1 0.227604 0.762500 0.028125 0.075000
2 0.159375 0.762500 0.025000 0.052778
3 0.295312 0.762500 0.023958 0.052778
19 0.525521 0.500000 0.271875 0.833333
5 0.523958 0.759722 0.131250 0.086111
20 0.822396 0.279167 0.271875 0.391667
21 0.822396 0.722222 0.271875 0.388889
8 0.760417 0.722222 0.091667 0.316667
9 0.885417 0.725000 0.085417 0.311111
10 0.033333 0.113889 0.025000 0.066667
11 0.032813 0.281944 0.028125 0.075000
12 0.032813 0.427778 0.026042 0.033333
13 0.032813 0.573611 0.028125 0.030556
14 0.033854 0.715278 0.026042 0.075000
15 0.033854 0.891667 0.030208 0.088889
16 0.090625 0.040278 0.014583 0.041667
4 0.115625 0.040278 0.012500 0.047222
17 0.965104 0.041667 0.040625 0.050000
