18 0.228125 0.497222 0.270833 0.838889
19 0.524479 0.500000 0.271875 0.827778
20 0.822396 0.279167 0.271875 0.391667
7 0.821354 0.722222 0.269792 0.388889
2 0.159896 0.761111 0.026042 0.061111
3 0.296354 0.765278 0.026042 0.063889
1 0.228125 0.761111 0.025000 0.077778
5 0.525000 0.759722 0.129167 0.086111
8 0.759375 0.725000 0.093750 0.322222
9 0.884896 0.725000 0.086458 0.311111
10 0.032813 0.111111 0.028125 0.061111
11 0.033854 0.280556 0.028125 0.066667
12 0.032813 0.427778 0.023958 0.027778
13 0.032813 0.570833 0.023958 0.036111
14 0.033333 0.715278 0.025000 0.063889
15 0.034896 0.890278 0.028125 0.080556
17 0.964583 0.043056 0.039583 0.047222
17 0.089583 0.041667 0.018750 0.038889
4 0.114583 0.040278 0.014583 0.052778
