0 0.042448 0.940741 0.021354 0.050000
0 0.105990 0.942593 0.030729 0.051852
0 0.170052 0.940741 0.027604 0.048148
0 0.299479 0.940741 0.026042 0.044444
0 0.358333 0.941204 0.014583 0.037963
0 0.447396 0.940741 0.016667 0.033333
0 0.502083 0.937037 0.031250 0.051852
0 0.550781 0.941667 0.018229 0.035185
0 0.643490 0.943056 0.018229 0.037963
0 0.701823 0.943056 0.041146 0.049074
0 0.949479 0.940741 0.028125 0.044444
0 0.923958 0.798148 0.087500 0.051852
0 0.067187 0.826389 0.023958 0.045370
0 0.109635 0.827315 0.024479 0.043519
0 0.151823 0.826852 0.024479 0.046296
0 0.195833 0.826852 0.023958 0.046296
0 0.152083 0.771296 0.219792 0.196296
0 0.391406 0.771759 0.219271 0.197222
0 0.630469 0.773148 0.222396 0.194444
0 0.870052 0.773148 0.221354 0.194444
0 0.098958 0.220833 0.148958 0.182407
