0 0.098437 0.220370 0.138542 0.177778
0 0.091667 0.771759 0.100000 0.191667
0 0.212760 0.772685 0.101562 0.199074
0 0.392448 0.774074 0.221354 0.196296
0 0.630729 0.772222 0.219792 0.194444
0 0.870052 0.773148 0.221354 0.194444
0 0.305729 0.828241 0.022917 0.043519
0 0.349219 0.825926 0.019271 0.040741
0 0.390625 0.824537 0.022917 0.043519
0 0.435937 0.828241 0.022917 0.043519
0 0.041927 0.941204 0.026562 0.049074
0 0.105729 0.941667 0.026042 0.051852
0 0.169792 0.943519 0.028125 0.053704
0 0.299219 0.942130 0.026562 0.045370
0 0.358594 0.942130 0.017188 0.036111
0 0.447396 0.941204 0.018750 0.037963
0 0.501042 0.933796 0.029167 0.047222
0 0.552083 0.940741 0.017708 0.033333
0 0.642448 0.941204 0.019271 0.032407
0 0.703385 0.941204 0.038021 0.043519
0 0.949740 0.940741 0.030729 0.053704
