0 0.097917 0.221759 0.138542 0.186111
0 0.093229 0.773611 0.102083 0.197222
0 0.211979 0.772685 0.102083 0.195370
0 0.392448 0.770833 0.221354 0.197222
0 0.631250 0.770370 0.218750 0.194444
0 0.869531 0.771296 0.219271 0.196296
0 0.306771 0.825463 0.026042 0.043519
0 0.347917 0.823611 0.018750 0.036111
0 0.391667 0.825000 0.022917 0.042593
0 0.434896 0.826389 0.025000 0.045370
0 0.041146 0.940741 0.025000 0.048148
0 0.106250 0.940278 0.025000 0.049074
0 0.171094 0.943056 0.030729 0.049074
0 0.298698 0.941667 0.027604 0.046296
0 0.358594 0.941667 0.018229 0.035185
0 0.449219 0.941204 0.019271 0.032407
0 0.499740 0.935185 0.030729 0.050000
0 0.551562 0.938426 0.016667 0.032407
0 0.642448 0.940278 0.016146 0.026852
0 0.701302 0.941204 0.039062 0.043519
0 0.949479 0.941204 0.028125 0.043519
